[[[1856239268434541265, 11004345080245978645, 0], (4509062438608773474, 2251689553834771362, 2289193210277769847), 4509062438608773474]]
[[[2045200473841417085, 18301336091470815723, 0], (4243125673455910321, 4474061207990225560, 9532930483466493728), 4243125673455910321]]
[[[17864080122510714696, 10614637846283451099, 0], (9990253607945145766, 4642004787667047776, 9893788465968645394), 9990253607945145766]]
[[[8587708027105799772, 7369887430013401187, 0], (2941894522462574864, 10748102348678385673, 5544442190244027340), 2941894522462574864]]
[[[8981714180730232784, 4720645027436772758, 0], (6711519075128275623, 7725480884057483733, 13767804806618437295), 6711519075128275623]]
[[[419172426054720215, 17891648359186403699, 0], (4226075767448398297, 16967158379350410240, 9191547260029763572), 4226075767448398297]]
[]
[]
[[[8529864746267479152, 15997162369969277768, 0], (15041999624370991775, 1996235069787786096, 7456772023386594073), 15041999624370991775]]
[[[5526017718876195396, 2909988270715697390, 0], (8446876854393002872, 16511789529232785310, 12019389832900181897), 8446876854393002872]]
[]
[]
[[[16580987516569252378, 4165637204187085251, 0], (2029099128309249408, 15825552931442301249, 2095137621273828785), 2029099128309249408]]
[]
[]
[[[12032379155970473201, 9447381492566900465, 0], (579701119204445096, 13274641130272898146, 7539406210104664389), 579701119204445096]]
[[[8507549437107107451, 2738601009323309820, 0], (1639337248042850843, 10030908392030639520, 17186887848605230013), 1639337248042850843]]
[[[10219637725442008234, 8451858636825646238, 0], (11710359618269935640, 3841877266024720023, 12284709290667472856), 11710359618269935640]]
[]
[[[7368295864312702071, 2372278622070716081, 0], (7391495743779186559, 16252387377215667764, 5623914381435033540), 7391495743779186559]]
[]
[]
[[[2662441463930439631, 18378064529258213276, 0], (17141443989685807003, 14491514646561373621, 8101140263060968999), 17141443989685807003]]
[[[11994291131521911088, 18406483608361612800, 0], (14345066314422784261, 9204523711640692873, 8977126281757500930), 14345066314422784261]]
[[[2093489976062652158, 14030303869692173882, 0], (7226497203667807398, 575710488863149851, 11791959732206607192), 7226497203667807398]]
[[[17276577984834253401, 4104412677178411840, 0], (12084990812331656989, 8011804619342790442, 6166660755393971737), 12084990812331656989]]
[[[3234141409088388758, 11717381533160107651, 0], (10158031449045697577, 5066007321976537951, 5178710389253428255), 10158031449045697577]]
[[[10689258837613989635, 15924988802072724746, 0], (13251202966861017793, 4031272143086470653, 5063690894299736726), 13251202966861017793]]
[]
[[[11290048215237954349, 9135055935169243222, 0], (12609265347234954793, 6907335313784922410, 10945811501396008284), 12609265347234954793]]
[[[17012005744036242985, 17086148893111019208, 0], (1458962205541400268, 12255606949428754126, 15533543696646457072), 1458962205541400268]]
[]
[]
[[[11318503461012984424, 1837406945815669536, 0], (17744272098494024066, 8195876420366237003, 14782340003740085167), 17744272098494024066]]
[[[4138858843503203677, 14508629256996392393, 0], (1630349529140570889, 10545456815777579593, 13663380605455229296), 1630349529140570889]]
[[[17944923217106633464, 5937395290917120814, 0], (5807838050788773366, 6023117124281389976, 2820130082749460733), 5807838050788773366]]
[]
[]
[[[7189541025370535779, 16044262471833787991, 0], (15599937542893083868, 3129343136815120047, 18037657546721694701), 15599937542893083868]]
[]
[[[739332264761966415, 18399956596664063083, 0], (2198691407078933970, 17564720420690816065, 12881397188997523025), 2198691407078933970]]
[[[15345245963007323575, 4210440485483484614, 0], (6341439326149409325, 16618084287511194688, 15428593347666821014), 6341439326149409325]]
[[[9261580334538470535, 7558008603910196365, 0], (15459066396235519437, 14848762769821621322, 13410891662789355296), 15459066396235519437]]
[]
[]
[]
[[[9007691006974562417, 13783041339308636586, 0], (9502706423330175479, 9932081080910195819, 7466354478279731143), 9502706423330175479]]
[[[1051154268704902048, 812990092413393421, 0], (14590420841190910898, 3157746033146241603, 12898120004863884769), 14590420841190910898]]
[]
[]
[]
[]
[[[16306915864337684180, 13543663575611539848, 0], (9741077443596947157, 8692641594655790975, 10284631558267131138), 9741077443596947157]]
[]
[]
[[[4877978708686714743, 18096029670943451778, 0], (9011359595446850210, 6951234747818234860, 4941626783335694247), 9011359595446850210]]
[]
[[[6117916895917388724, 7306944976922577440, 0], (11330671585491127998, 16336012974033840486, 15426012318438881264), 11330671585491127998]]
[[[416474268672566827, 15204373552168678216, 0], (7154159815462770857, 10871662876144167159, 3884293192713212273), 7154159815462770857]]
[]
[[[18364174525173177464, 16220686693813964711, 0], (15527571590170855006, 8560730972412408985, 13292308809462971469), 15527571590170855006]]
[]
[]
[[[8863915080918401968, 10158006768207722919, 0], (12188982308592382690, 5940164038988835105, 3968435372119088810), 12188982308592382690]]
[[[15760322972363468858, 5622845457971614468, 0], (12138057274610379513, 8319448590836232896, 2205815722292116397), 12138057274610379513]]
[]
[[[13215367627534346396, 11522155284665816522, 0], (324641568358621212, 6676160627077011320, 13806060683559858076), 324641568358621212]]
[]
[[[11858403908137843065, 10979253259933976924, 0], (7452162074967059231, 15214375975598628811, 5286200176128649190), 7452162074967059231]]
[[[10898607548715570065, 14221027421746148682, 0], (14849584231755147288, 4492545933513865582, 9053238487835233694), 14849584231755147288]]
[[[3486120470539350888, 3040302998668772710, 0], (9196545808644909829, 17736455376845645704, 15134642022068773497), 9196545808644909829]]
[]
[]
[[[6577465984738340359, 14318450692772676212, 0], (17913450933006788184, 12841870083294880632, 13213820792407747311), 17913450933006788184]]
[]
[[[11918037148508670283, 9726577640498563386, 0], (4704446625052961948, 14908206284172185093, 7257448381233046104), 4704446625052961948]]
[[[3502308383355719393, 2408506394331609059, 0], (11846674669445245566, 1072167359369767717, 16163386437668120830), 11846674669445245566]]
[[[15097947073629995430, 9268864762324041958, 0], (3606780828678443872, 11649587587953852353, 6578339739914151129), 3606780828678443872]]
[[[13196262672503386038, 1245564182051589458, 0], (14099780438533690466, 8783825140818171318, 706417902988647209), 14099780438533690466]]
[[[14015667511202866939, 10140508252758303170, 0], (2485269151404177831, 10133778633552824782, 4644667821590634477), 2485269151404177831]]
[[[8934417648983788410, 14395224146132555818, 0], (7020543093863734545, 2639672076314090188, 5247034851470169447), 7020543093863734545]]
[]
[[[2341623915325350512, 4499817829787200958, 0], (12023101612164804760, 3614715408615092222, 10685424652671762898), 12023101612164804760]]
[]
[]
[]
[[[10887421190399661332, 14644566975204986153, 0], (11471562826549627163, 9336350943669334667, 6766824376875496457), 11471562826549627163]]
[[[10597715426396107711, 1322073298612316279, 0], (1644596483670635164, 13502135467220792164, 14037691936432020224), 1644596483670635164]]
[]
[[[4122887480453227585, 6198391616531601659, 0], (1456915565583348261, 10091916573835115238, 2655776379057838723), 1456915565583348261]]
[[[15488994987499054814, 15825875682690790079, 0], (6059160484327482110, 3788235803924416436, 5366687817734874851), 6059160484327482110]]
[[[8403106152306926998, 17591319690065615362, 0], (3922375223976607708, 7013378807074683085, 866778346307093493), 3922375223976607708]]
[[[13253006622775575392, 4576085806145699880, 0], (8518558904337247387, 13420723492635643179, 13549519976726498967), 8518558904337247387]]
[[[10565045610485624118, 15573226142692397488, 0], (5189486434014661004, 15589275116825770389, 11195891099312213201), 5189486434014661004]]
[[[8847201299144296294, 245949260502000846, 0], (16953057400419725712, 14787178079529874627, 8939496028669386854), 16953057400419725712]]
[[[2952076816788806454, 3945538264052893183, 0], (12364050831580921543, 9063284686605140848, 2724635367714624601), 12364050831580921543]]
[[[3141999639812209450, 4885679571569842935, 0], (18363473716184409964, 17893984260083677218, 4926882367859215998), 18363473716184409964]]
[]
[[[6558462384521151679, 11125756683897077553, 0], (17115610105706206489, 129118502526229217, 9244758389625303099), 17115610105706206489]]
[[[15845526599859653469, 17950590542978566900, 0], (5137898834255818288, 17962594971745517908, 4172996746903530224), 5137898834255818288]]
[[[17233315433158514216, 11397482666476149260, 0], (1904298399807964936, 14910689627256411666, 1140620531828248463), 1904298399807964936]]
[]
[[[14692346266289984200, 7166633361800990499, 0], (4880044818188169131, 11605854680910074306, 4951507437402266588), 4880044818188169131]]
[[[14000021667536150724, 18076099038550154993, 0], (13913565030426877807, 16068902806735466848, 15649490903626506801), 13913565030426877807]]
[[[7167668414561466259, 7423472896375236828, 0], (8184655161544444933, 18067717208865634746, 11454723694407180787), 8184655161544444933]]
[]
[]
[]
[]
[[[3894807284146844543, 16272804465916042094, 0], (7257529625372902498, 2389141419695398493, 9578023262402688218), 7257529625372902498]]
[]
[[[15851465136276800910, 9994577400981810339, 0], (4727409892262460328, 13378951017372267000, 8844957495088908315), 4727409892262460328]]
[[[9791036540959633760, 4753366637366293145, 0], (12996360831500041877, 7682678227797632864, 17586393567314576223), 12996360831500041877]]
[]
[[[10749447679647167832, 1906036638630922187, 0], (17804005350324566692, 697292804281555798, 1430646892874524077), 17804005350324566692]]
[[[4522058541571475466, 16947836100131671194, 0], (1968281870618870792, 13642824560269254721, 6071183942332773834), 1968281870618870792]]
[[[847730249726791577, 8030561588413600726, 0], (7714607733827456856, 5713919070858475002, 447347778561190479), 7714607733827456856]]
[[[660237474417022755, 3342346545856334439, 0], (12517545460773743442, 233630177584580939, 14799302588183765725), 12517545460773743442]]
[]
[[[5011165895956297106, 15150629080135301590, 0], (9894193528291506445, 11607901994565579328, 14655282175988253892), 9894193528291506445]]
[]
[[[14237695258764613374, 18211932758611332978, 0], (16487836832023792959, 16628179275909806184, 10392252638239070611), 16487836832023792959]]
[[[3571887616632508743, 18041107157910751554, 0], (2517507183901216882, 12796748858528392185, 11745924214548017034), 2517507183901216882]]
[]
[]
[]
[[[15501288229438684096, 11029637080503743516, 0], (9506735349920438342, 7830772228013431837, 15364264004106262041), 9506735349920438342]]
[[[10071651081338762446, 124620452286721326, 0], (3253808812886437181, 1857193641948675351, 5756770429695985709), 3253808812886437181]]
[[[14038645877461365251, 9252467790018366154, 0], (1033430739472928082, 3593990108992547833, 8765164871882206901), 1033430739472928082]]
[[[17507912562585688752, 14767295169562033779, 0], (16433304222863268073, 570271859116107595, 4762497958805634880), 16433304222863268073]]
[]
[]
[]
[[[10227555663145218881, 586547596904650698, 0], (7801941363871267488, 9956846538741385634, 12443452158117719024), 7801941363871267488]]
[[[9204613485500224252, 4073754887837184465, 0], (16593453882679325183, 16796240947638032814, 8335451419004764378), 16593453882679325183]]
[[[9572937963005050164, 4441108217966593452, 0], (9132314802693478632, 1864966479029236577, 15959425529506234071), 9132314802693478632]]
[[[3356468562103401519, 17639243626294285374, 0], (12360849029853164689, 9048943006442530841, 8359559516181481319), 12360849029853164689]]
83